/home/mfumagal/Software/msdir/ms 40 1 -t 20 -I 2 20 20 -g 1 44.36 -n 2 0.125 -eg 0.03125 1 0.0 -en 0.0625 2 0.02 -ej 0.09375 2 1 
14226 1250 20526

//
segsites: 42
positions: 0.0144 0.0396 0.0603 0.0933 0.0979 0.1123 0.1140 0.1267 0.1298 0.1595 0.1599 0.1801 0.2197 0.2488 0.2504 0.2779 0.3237 0.3263 0.3654 0.4673 0.4674 0.5309 0.5740 0.5947 0.6018 0.6425 0.6498 0.6508 0.7034 0.7336 0.7338 0.7815 0.7857 0.8188 0.8388 0.8424 0.8539 0.8957 0.9229 0.9395 0.9635 0.9684 
000010010000100000000000000000010000001010
000100001000000001011000100100000000000000
000100000000000001010000001100000000000101
000100001000000001011000100100000110000000
000010010000100000000000000000010000001010
000010010010110000000100000000010000001010
000100001000000001011000100100000000000000
000100001000000001011001100100000000000000
100100001000000001010000100100000000010000
000001000000000000100000000100000000000000
000100000000000001010000001100000000000101
000100000100000101010000001100000000000101
000001000000000000100000000100000000000000
000100001000000001010000100100000000100000
000010010000100000000000000010010000001010
000010010000100000000000000010011000001010
001100000000000001010000001100000000000101
000010010000100000000000000000010000001010
000100001000000001010000100100000000000000
000010010001100000000000000010010000001010
000000100000001010000000000101000000000000
000000100000001010000000010101000000000000
000000100000001010000000010101000000000000
000000100000001010000000000101000000000000
000000100000001010000000010101000000000000
000000100000001010000000000101000000000000
000000100000001010000010000100000000000000
000000100000001010000000000100000000000000
000000100000001010000010000100100001000000
000000100000001010000000000101000000000000
000000100000001010000000000101000000000000
000000100000001010000000010101000000000000
000000100000001010000010000100100001000000
000000100000001010000000010101000000000000
000000100000001010000000000101000000000000
000000100000001010000000000100000000000000
000000100000001010000000000101000000000000
000000100000001010000000000101000000000000
000000100000001010000000000101000000000000
010000100000001010000000000101000000000000
