/home/mfumagal/Software/msdir/ms 40 1 -t 20 
50487 8689 39164

//
segsites: 100
positions: 0.0030 0.0040 0.0262 0.0284 0.0290 0.0306 0.0460 0.0655 0.0727 0.0822 0.0899 0.1020 0.1027 0.1084 0.1142 0.1198 0.1267 0.1406 0.1439 0.1723 0.1852 0.1933 0.1978 0.2050 0.2068 0.2108 0.2241 0.2313 0.2341 0.2348 0.2505 0.2618 0.2633 0.2657 0.2801 0.2899 0.3028 0.3174 0.3210 0.3216 0.3225 0.3413 0.3520 0.3584 0.3660 0.3683 0.3949 0.4206 0.4233 0.4295 0.4332 0.4353 0.4412 0.4427 0.4475 0.4648 0.4706 0.4720 0.4886 0.4890 0.4918 0.4933 0.4994 0.5195 0.5467 0.5600 0.5659 0.5754 0.5812 0.5892 0.5906 0.6307 0.6494 0.6742 0.6748 0.6851 0.6856 0.6905 0.6998 0.7054 0.7175 0.7232 0.7321 0.7384 0.7570 0.7584 0.7612 0.7708 0.8063 0.8091 0.8658 0.8906 0.8910 0.9007 0.9185 0.9217 0.9421 0.9816 0.9889 0.9963 
0000001000000000000000100100010100100100000010010000000011000000000010000000000000100000100000000000
0000001000000000000000000000010100001100010010010000000001000010000010000000000000000000100000000000
0000001010000000000000000000010000000001000001000000000000000000000010000000100001000000100000000001
0000001100000000000000000000010010000000000000010110100001110000000011100100001000000000100000100000
0000001000000000000000000000010100000100010010010000000001000010010010000000000000000000100000000000
1000011000000010000010010000010000010000100000000001010001001001100010000000000000010000100010001000
0000001100000000000000000000010000000000000000010110100001110000000011000100001000000000100000100000
0000001100000100000000000000010000000000000000010100101001000000000011000000000000000000100000100000
1010011000000010000010001000010000000000101000100000000001001000100010000000010100011001100000000000
1010011000000010000010000000010000000000101000100000000001001000100010000000010100010001100000000000
0000001100000000000000000000010000000000000000010100100001000000000011000000000000000000110000100000
0000001100000000000000000000010000000000000000010100101001000000000011000000000000000000100000100000
0000001100100000000000000000010000000000000000010110100001110000000011000100001000000000100000100000
0000001010000000000000000000110000000001000001000000000000000000000010000000100001000000100000000001
1010011000000010000010001000010000000000101000100000000001001000100010000000010100011001100000000000
1010011000000010000010000000010000000000101000100000000001001000100010000000010100010001100000000000
1010011000000010000010001000010000000000101000100000000001001000100010000000010100011101100100000000
1010011000000010000010001000010000000000101000100000000001001000100010000000010100011001100000000000
0000001100000000000000000000010000000000000000010100100001000000000011000000000000000000110000100000
1000011000000010000010010000010000010000100000000001010001001001100010000000000000010000100010001000
1010011000000010000010000010010000000000101000100000000001001000100010000000010100010001100000000000
1010011000000010000010001000010000000000101000100000000001001000100010000000010100011001100000000000
0000001100000000000000000000010000000000000000010100100001000000000011000000000000000000110000100000
1010011000000010001010000000010000000010101000100000000001001000100010001000010100010001100000000000
0101000001000000100100000000001001000000000100001000000000000100001100010011000010000010000001000100
1010011000001010010011000000010000000000100000100000000001001000100010000000000100010001101000000000
1010011000010010000010000000010000000000101000100000000001001000100010000000010100010001100000000000
1010011000000010000010001000010000000000101000100000000001001000100010000000010100011001100100000000
1000011000000010000010010000010000010000100000000001010001001001100010000000000000010000100010001000
0000001010000000000000000000110000000001000001000000000000000000000010000000100001000000100000000001
1010011000000010000010000000010000000000101000100000000001001000100010000000010100010001100000000000
0000001100000000000000000000010000000000000000010100100001000000000011000000000000000000110000100000
0000001100000000000000000000010000000000000000010100101001000000000011000000000000000000100000100000
0000001100000000000000000000010000000000000000010100101001000000000011000000000000000000100000100000
0000101100000000000000000000010000000000000000010100100001000000000011000000000000000000110000100000
1010011000000010000010001000010000000000101000100000000001001000100010000000010100011001100000000000
0000001100000000000000000000010000000000000000010100101001000000000011000000000000000000100000100000
1010011000000010000010001000010000000000101000100000000001001000100010000000010100011001100000000000
0000001010000000000000000000110000000001000001000000000000000000000010000000100001000000100000000001
0000001000000001000000000001010000000000000010010000000101000000000010000000000000000000100000010010
