/home/mfumagal/Software/msdir/ms 60 1 -t 20 -r 40 20000 -I 3 20 20 20 -ej 5 2 3 -ej 2 1 2 
52891 44640 42149

//
segsites: 390
positions: 0.0017 0.0027 0.0080 0.0085 0.0167 0.0244 0.0266 0.0280 0.0280 0.0302 0.0306 0.0331 0.0332 0.0368 0.0371 0.0404 0.0414 0.0414 0.0419 0.0486 0.0489 0.0494 0.0513 0.0579 0.0607 0.0631 0.0636 0.0639 0.0645 0.0763 0.0779 0.0798 0.0858 0.0881 0.0919 0.0930 0.0950 0.0971 0.0976 0.0988 0.0988 0.0989 0.1004 0.1033 0.1034 0.1041 0.1054 0.1105 0.1117 0.1118 0.1127 0.1139 0.1147 0.1157 0.1168 0.1208 0.1214 0.1215 0.1240 0.1248 0.1250 0.1255 0.1282 0.1299 0.1357 0.1376 0.1390 0.1422 0.1425 0.1468 0.1469 0.1508 0.1514 0.1524 0.1610 0.1623 0.1690 0.1697 0.1730 0.1750 0.1752 0.1828 0.1838 0.1858 0.1865 0.1915 0.1926 0.2019 0.2046 0.2141 0.2216 0.2220 0.2239 0.2264 0.2313 0.2332 0.2339 0.2373 0.2448 0.2556 0.2612 0.2616 0.2643 0.2660 0.2673 0.2684 0.2715 0.2749 0.2783 0.2802 0.2858 0.2862 0.2888 0.2889 0.2906 0.2907 0.2909 0.2950 0.2953 0.2972 0.2996 0.3007 0.3016 0.3060 0.3073 0.3128 0.3163 0.3192 0.3214 0.3221 0.3271 0.3273 0.3311 0.3348 0.3360 0.3364 0.3366 0.3448 0.3453 0.3466 0.3469 0.3509 0.3539 0.3608 0.3645 0.3659 0.3661 0.3668 0.3671 0.3683 0.3747 0.3758 0.3825 0.3836 0.3854 0.3880 0.3880 0.3884 0.3887 0.3893 0.3905 0.3926 0.3937 0.3942 0.3962 0.3978 0.4006 0.4013 0.4016 0.4026 0.4066 0.4090 0.4199 0.4255 0.4258 0.4291 0.4343 0.4457 0.4487 0.4507 0.4513 0.4519 0.4525 0.4526 0.4530 0.4530 0.4543 0.4575 0.4581 0.4617 0.4663 0.4678 0.4694 0.4699 0.4746 0.4749 0.4760 0.4789 0.4817 0.4833 0.4845 0.4846 0.4847 0.4901 0.4933 0.4956 0.4995 0.5027 0.5074 0.5088 0.5093 0.5107 0.5187 0.5198 0.5229 0.5240 0.5261 0.5280 0.5291 0.5304 0.5306 0.5393 0.5413 0.5413 0.5443 0.5510 0.5516 0.5527 0.5568 0.5571 0.5578 0.5716 0.5768 0.5786 0.5793 0.5811 0.5892 0.5911 0.5948 0.5977 0.5981 0.6059 0.6067 0.6142 0.6161 0.6162 0.6230 0.6255 0.6271 0.6312 0.6356 0.6394 0.6409 0.6423 0.6494 0.6564 0.6620 0.6760 0.6773 0.6827 0.6830 0.6849 0.6870 0.6871 0.6944 0.6985 0.7074 0.7084 0.7220 0.7229 0.7251 0.7265 0.7290 0.7294 0.7299 0.7308 0.7317 0.7480 0.7484 0.7486 0.7493 0.7542 0.7563 0.7564 0.7587 0.7623 0.7632 0.7639 0.7710 0.7711 0.7764 0.7770 0.7824 0.7892 0.7914 0.7927 0.7976 0.8027 0.8043 0.8057 0.8062 0.8108 0.8116 0.8122 0.8131 0.8143 0.8154 0.8189 0.8216 0.8245 0.8249 0.8249 0.8294 0.8319 0.8322 0.8334 0.8345 0.8386 0.8393 0.8402 0.8417 0.8419 0.8449 0.8462 0.8470 0.8501 0.8517 0.8583 0.8596 0.8598 0.8644 0.8651 0.8652 0.8662 0.8700 0.8717 0.8769 0.8779 0.8779 0.8783 0.8843 0.8853 0.8867 0.8878 0.8918 0.8943 0.8971 0.8976 0.9072 0.9088 0.9089 0.9105 0.9125 0.9159 0.9182 0.9188 0.9191 0.9202 0.9222 0.9228 0.9259 0.9261 0.9279 0.9317 0.9319 0.9320 0.9341 0.9397 0.9416 0.9448 0.9459 0.9462 0.9473 0.9489 0.9498 0.9537 0.9538 0.9555 0.9568 0.9654 0.9682 0.9715 0.9772 0.9806 0.9818 0.9906 0.9907 0.9932 0.9952 0.9959 
101000000000001000011000101001000010000011000000000110010100000000001000000011010001100001000101100001010000011100101010001010100010000100101100000101100000011001000011001001000001100001001110000101000001010000110100010000010000101010010100100000110010001000010000000000001100000000000000100000000000000011010000000000100010101010001000000000000100001010001111000000101100100110010110000011
101000000000001000011000101001000010000011000000000110010000000000001000010011010001100001000101100001010000011100101011001010000000000100101000000001100000011001000011001001000001100001001110000101000001010000110000010000010000101010010100100000110010001000010000000000001100000000000000100000000000000011010000000000100010101010001000000100000000001010000111001010101101100110010110000011
101000000000001000011000101001000010000011000000000110010100000000001000000011010001100001000101100001010000011100101010001010100010000100101100000101100000011001000011001001000001100001001110000101000001010000110100010000010000101010010100100000110010001000010000000000001100000000000000100000000000000011010000000000100010101010001000000000000100001010001111000000101100100110010110000011
101000000000001000011000101001000010000011000000000110010000000000001000010011010001100001000101100001010000011100101011001010000000000100101000000001100000011001000011001001000001100001001110000101000001010000110000010000010000101010010101100000110010001000010000000000001100000000000000100000000000000011010000000000100010101010001000000100000000001010000111001010101101100110010110000011
101000000000001000011000101001000010000011000000000110010000000000001000010011010001100001000101100001010000011100101011001010000000000100101000000001100000011001000011001001000001100001011110000101000001010000110000010000010000001000010100110000110010001000010000000000001100000000000000100000000000000011010000000000100010101010001000000100000000001010000111001010101101100110010110000111
101000000001001000011000101001000110000011000000000100010001000000001000000010010001110001000101100110010100011100101010001010100010000100101100000101100000010101001011001001000001100001001110000101000001010000110000010000010000101010010100100000110010001000010000000000010100000000000000100010000000000011010000000000100010101010001000000000000100001010000111000010101100100110010110000011
101000000000001000011000101001000010000011000000000100010000000000001000000010010001110001000101100110010000011100101010001010100000000100101000000001110000011001000011001001000001100001001110000101000001010000110000010000010000001000010100100000110010001000010001000000000100000000000000100010000000000011010000000000100010101010011000000000000000001010000111000010101100100110010110000011
101000000000001000011000101001000010000011000100000110010000000000001000010011010001100001000101100001010000011100101011001010000000000100101000000001100000010001000011000011001011100001001110100001000001010000111000010000010000001000010100100000110010001000010000000000000100000000000000100000000000000011010000000000100010101010001000000000000100001010000111000010101100100110010110100011
101000000000001000011000101001000110000011000000000100010001000000001000000010010001110001000101100110010000011100101011001010000000000100101000000001100000010001000011000011000001100001001110000101000001010001110100010000010000101010010100100000110010001000010000000000001100000000000000100000000000000011010000000000100010101010001000000000000100001010001111000000101100100110010110000011
101000000001001000011000101001000110000011000000000100010001000000001000000010010001110001000101100110010100011100101010001010100010000100101100000101100000010101001011001001000001100001001110000101000001010000110000010000010000001000010100100000110010001000010000000000000100000000000000100010000000000011010000000000100010101010011000000000000000001010010111000000101100100110010110000011
101000000001001000011100101001000110000011000000000100010001000000001000000010010001110001000101100110010100011100101010001010100010000100101100000101100000010101001011001001000001100001001110000101000001010000110000010000010000001000010100100000110010001000010000000000000100000000000000100010000000000011010000000000100010101010011000000000000000001010010111000000101100100110010110000011
101000000000001000011000101001000010000011000000000100010000000000001000000010010001110001000101100110010000011100101010001010100000000100101000000001100000010001000011000011000001100001001110000101000001010000110100010000010000101010010100100000110010001000010000000000001100000000000000100000000000000011010000000000100010101010001000000000000000001010100111000010101100100110010110000011
101000000000001000011000101001000010000011000000000110010000000000001000010010010001100001000101100001010000011100101010001010100001000100101000000001110000011001000011001001000001100001001110000101000001010000111000010000010000001010010100100000110010101000010000000000001100000000000000100000000000000011010000000000100010101010011000000000000000001010010111000000101100100110010110000011
101000000000001000011000101001000010000011000000000110010000000000001000010011010001100001000101100001010000011100101011001010000000000100101000000001100000011001000011001001000001100001011110000101000001010000110000010000010000001000010100110000110010001000010000000000001100000000000000100000000000000011010000000000100010101010001000000100000000001010000111001010101101100110010110000111
101000000000001000011000101001000010000011000000000100010000000000001000000010010001100001000101100001010000011100101011001010000000000100101000000001100000010001000011000011001011100001001110100001010001010000111000010000010000001000010100100000110010001000010000000000000100000000000000100000000000000011010000000000100010101010001000000000000000001010000111000010101100100110010110000011
101000000000001000011000101001000010000011000000000110010000000000001000010010010001110001000101100110010100011100101010001010100010000100101100000101100000010101001011001001000001100001001110000101000001010000110000010000010000001000010100100000110010001000010000000000000100000000000000100010000000000011010000000000100010101010011000000000000000001010010111000000101100100110010110000011
101000000000001000011000101001000010000011000000000110010100000000001000000011010001100001000101100001010000011100101010001010100010000100101100000101100000011001000011001001000001100001001110000101000001010000110100010000010000101010010100100000110010001000010000000000001100000000000000100000000000000011010000000000100010101010001000000100000000001010000111001010101101100110010110000011
101000000000001000011000101001000010000011000000000110010000000000001000010010010001100001000101100001010000011100101010001010100010000100101000000001100000011001100011001001000001100001001110000101000001010000110000010000010000001000010100100000110010001000010000000100000100000000000000100000000000000011010000000000100010101010001000000000000000001010000111000000101100100110010110000011
101000000000001000011000101001000010000011000000000110010000000000001000010010010001100001000101100001010000011100101010001010100010000100101000000001100000011001000011001001000001100001001110000101000001010000110100010000010000101000010100100000110010001001010000000000000100000000000000100000000000000011010000000000100010101010001000000000000100001010000111000010101100100110010110000011
101000000000001000011000101001000010000011000000000110010100000000001000000011010001100001000101100001010000011100101010001010100010000100101100000101100000011001000011001001000001100001001110000101000001010000110100010000010000101010010100100000110010001000010000000000001100000000000000100000000000000011010000000000100010101010001000000000000100001010001111000000101100100110010110000011
100000100000000100011011110000100000010011000000001101010000100010010000001000010000101011010011101000110011011000100100010111000000011110110000001000101010010001000011000001000000001001001010000001000010001010000001010000000000001000000100000000010100001100111000100001000111100000000100000001010000000110010001101001100010100101001100000000001001100010000011000000100110100111010110000011
100000100000000100111011110000100000010011000000001101010010100010010000001000010000101011010011101000110011011000100100000111000000011110110000001000100010010001000011000001000000001001001010000001000010001010000001010000000000001000000100000000010100001000111000000001000111100001000000000000010001111010010000100110100011100000001000101000010000100010000011000000100100100110010110000011
100000100000000100111011110000100000010011000000001101010010100010010000001000010000101011010011101000110011011000100100000111000000011110110000001000100010010001000011000001010000001001101010000001000010001010000001010000000010001000000100000000010100001000111110100011000111100001000000000000010001100010010000100010100011100000001000101010000000100110000011000000100100100110010110000011
100010100000000000011011110010100000010011000000001101010000100010010100001000010000100101010001101000110011011000100100010111000000011110110000001000100010010001000011000001000000001001001010000001000010001010000001010000000000001000000100000000010100001000111110100011000111100001000000000000010001110010010000100110100011100000001000101000010000100010000011000000100100100110010110000011
100001100000000100011011110010100000010011000000001101010000100010010100001000010000100101010011101000110011011000100100000111000000011110110000001000100010010001000011000001000000001001101010000001000010001010000001010000000010001000000100000000010100001000111110100001000111100000000000000000010001100010010000100000100011100101001000101000000000100011000011100000100100100110010110000011
100000100000000000011011110000100000010111000000001101010000100010010000001000010000100101010011101000110011011000100100000111000000011110110000001000100010010001000011000001000000001011001010000001000010001010000001010000000010001000000100000000010100001000111110100001000111100000000000000000010001100010011000100000100011100101001000101000000000100011000011100000100100100110010110000011
100000100000000100111011110000100000010011000001001101010010100010010000001000011000100101010011101000110011011000100100100111000000011110110010010000100010010001000011000001000000000001001010000001000010001010000001010000000000001000000100000000010100001000111000000001000111100001000000000001010000000110010000100000100011100000001000111000000000100010000011000000100100100110010110000011
100000100000000100111011110000100000010011000000001101010010100010010000001000010000101011010011101000110011011000100100000111000000011110110000001000100010010001000011000001000000001001001010000001000010001010000001010000000000001000000100000000010100001000111000000001000111100001000000000000010001111010010000100110100011100000001000101000010000100010000011000000100100100110010110000011
100000100000000100111011110000100000010011000000001101010010100010010000001000010000101011010011101000110011011000100100000111000000011110110000001000100010010001000011000001000000001001001010000001000010001010000001010000000000001000000100000000010100001000111000000001000111100001000000000000010001110010010000100110100011100000001000101000010000100010000011000000100100100110010110000011
100000100000000000011011110000100000010111000000001101010000100010010000001000010000100101010011101000110011011000100100000111000000011110110000001000100010010001000011000001000000001011001010000001000010001010000001010000000010001000000100000000010100001000111110100011000111100001000000000000010001100010010000100010100011100000001000101000000000100010000011000000100100100110010110000011
100000100000000100111011110000100000010011000000001101010010100010010000001000011000100101010011101000110011011000100100100111000000011110110010010000100010010001000011000001000000000001001010000001000010001010000001010000000000001000000100000000010100001000111000000001000111100001000000000001010000000110010000100000100011100000001000111000000000100010000011000000100100100110010110000011
100000100000000100011011110000100000010011000000001101010010100010010000001000010000101011010011101000110011011000100100000111000000011110110000001000100010010001000011000001000000001001001010000001000010001010000001010000000000001000000100001000010100001100111110100001000111101000000000000000010001100010011000100000100011100101001000101000000000100011000011100000100100100110010110000011
100000100000000000011011110000100000010111100000001101010000100010010000001000010000100101010011101000110011011000100100000111000000011110110000001000100010010001000011000001000000001011001010000001000010001010000001010000000010001000000100000000010100001000111000100001000111100000000000000001010000000110010001101001100010100101001100000000001001100010000011000000100110100111010110000011
100001100000000100011011110010100000010011000000001101010000100010010100001000010000100101010011101000110011011000100100000111000000011110110000001000100010010001000011000001000000001001101010000001000010001010000001010000000010001000000100000000010100001000111110100011000111100001000000000000010001100010010000100000100011100101001000101000000000100011000011100000100100100110010110000011
100000100000000000011011110000100000010111000000001101010000100010010000001000010000100101010011101000110011011000100100000111000000011110110000001000100010010001000011000001000000001011001010000001000010001010000001010000000010001000000100000000010100001000111110100011000111100001000000000000010001100010011000100000100011100101001000101000000000100011000011100000100100100110010110000011
100000100000000100111011110000100000010011000000001101010010100010010000001000010000101011010011101000110011011000100100000111000000011110110000001000100010010001000011000101000000001011001010000001000010001010000001010000000010001000000100000000010100001000111110100011000111100001000000000000010001100010010000100010100011100000001000101000000000100110000011000000100100100110010110000011
100001100000000100011011110010100000010011000000001101010000100010010100001000010000100101010011101000110011011000100100000111000000011110110000001000100010010001000011000001000000001001101010000001000010001010000001010000000010001000000100001000010100001000111000000001000111100001000000000000010001111010010000100110100011100000001000101000010000100010000011000000100100100110010110000011
100001100000000100011011110010100000010011000000001101010000100010010100001000010000100101010011101000110011011000100100000111000000011110110000001000100010010001000011000001000000001001101010000001000010001010000001010000000010001000000100000000010100001000111110100011000111100001000000000000010001100010010000100010100011100000001000101000000000100110000011000000100100100110010110000011
100000100000000100111011110000100000010011000000001101010010100010010000001000010000101011010011101000110011011000100100000111000000011110110000001000100010010001000011000001000000001011001010000001000010001010000001010000000010001000000100000000010100001000111000000001000111100001000000000001110000000110010000100010100011100000001000101000010000100010000011000000100100100110010110000011
100000100000000000011011110000100000010111000000001101010000100010010000001000010000100101010011101000110011011000100100000111000000011110110000001000100010010001000011000001000000001001101010000001000010001010000001010000000010001000000100000000010100001000111110100011000111100001000000000000010001100010010000100010100011100000001000101000000000100110000011000000100100100110010110000011
010000000010010011000000000100011001101000010010100000101000010101000011000100100110000000101000010000001000100010010000000000000100100001000001100010000101100010010100000000100000000100000001001010101100100100000010000111101101010101101010000110001001010010000000010000100000000110111010011100000010000000100110010000000100010000100011000001100010000000000000000101000000011000000000011000
010000000010110011000000000100011001101000010010100000101000011100000011000100100110000000101000010000001000100010010000000000000100100001000001100010000101100010010100000000100000000100000001001010101100100100000010000111101101010101101010000110001001000010000000010000100000000100111010011100000110000000100110010000000100010000100011000001100010000000000000000101010000001000100000011000
010100000010010011000000000100001001101000011000100000101000011100000011000100100110000000101000010000001000100010010000000000000100100001000001100010000101100010010100000000100000000100000001001010101100100100000010000110101101010101101010000110001001000010000000010000100000000110111011011100000010000000100110010000000100010000100011000001100010010000000000000101010000001000000000011000
010100000010010011000000000100001001101000011000100000101000011100000011100100100110000000001000010000001000100010010000000000001000100001000001100010000001100010010100000000000000010100000001001010101100100100000000100110101101010101101010000110001001000010000000010000100000000100111010011100000010000000100110010000000100010000100011000001100010000000000000000101010000001000000000011000
010100000010010011000000000100001001101000011000100000101000011100000011000100100110000000101000010000001000100010010000000000000100100001000001100010000101100010010100000000100000000100000001001010101100100100000010000111101101010101101010000110001001010010000000010000100000000110111010011100000010000000100110010000000100010000100011000001100010000000000000000101000000011000000000011000
010100000010010011000000000100001001101000011000100000101000011100000011000100100110000000101000010000001000100010010000000000000100100001000001100010000101100010010100000000100000000100000001001010101100100100000010000110101101010101101010000110001001000010000000010000100000000110111011011100000010000000100110010000000100010000100011000001100010010000000000000101010000001000000000011000
010000011010010011000000000100011001101000011000110000101000011100000011000100100110000000001000010000001000100010010000000000001000100001000001100010000001100010010100010000100100000100000001011010101100100100000010001110101101010101101010000110001001000010000000010000100000000100111010011100000010000000100110010000000100010000100011000001100010000000000000000101010000001000000000011000
010000011110010011000000000100001001101000011000100000101000011101000011000100100110000000001000010000001000100010010000000000001000100001000001100010000001100010010100100000000000010100000001001010101100100100000010000110101101010101101010000110001001010010000000010000100000000110111011011100000010000000100110010000000100010000100011000001100010000000000000000101010000001000000000011000
010100000010010011000000000100001001101000011000100000101000011100000011000100100110000000101000010000001000100010010000000000000100100001000001100010000101100010010100000000100000000100000001001010101100100100000010000110101101010101101010000110001001000010000000010000100000000110111011011100000010000000100110010000000100010000100011000001100010010000000000000101010000001000000000011000
010100000010010011000000000100001001101000011000100000101000011100000011000100100110000000001000010000001000100010010000000000001000100001000001100010000001100010010100100000000000000100000001001010101100100100000010000111101101010101101010000110001001010010000000010000100000000110111010011100000010000000100110010000001100010000100011000001100010000000000000000101000000001000000000011000
010000011110010011000000000100001001101000011000100000101000011101000011000100100110000000001000010000000000100011010000000000001000100001000001100010000001100010010100010000100000000100000001001010101100100100000010000111101101010101101010000110001001000010000000010000100000000100111010011100000010000000100110010000010100010000100011000001100010000000000000000101010000001000000001011000
010000011110010011000000000100001001101000011000100000101000011101000011000100100110000000001000010000000000100011010000000000001000100001000001100010000001100010010100010000100000000100000001001010101100100100000010000111101101010101101010000110001001000010000000010000100000000100111010011100000010000000100110010000010100010000100011000001100010000000000000000101010000001000000001011000
010100011010010011000000000100001001101000011000110000101000011100000011000100100110000000101000010000001000100010010000000000010100100001000001100010000101100010010100000000100000010100000001001010101100100100000010000110101101010101101010000111000001000010000000010000100000000110111010011100000010000000100110010000001100010000100011000001100010000000000000000101000000001000000000011000
010100000010010011000000000100001001101000011000100000101000011100000011000100100110000000001000010000001000100010010000000000001000100001000001100010000001100010010100100000000000010100000001001010101100100100000000100110101101010101101010000110001001010010000000010000100000000110111011011100000010000000100110010000000100010000100011000001100010000000000000000101010000001000000000011000
010000011010010011000000000100011001101000011000110000101000011100000011000100100110000000001000010000001000100010010000000000001000100001000001100010000001100010010100010000100100000100000001011010101100100100000010001110101101010101101010000110001001000010000000010000100000000100111010011100000010000000100110010000000100010000100011000001100010000000000000000101010000001000000000011000
010100000010010011000000000100001001101000011000100000101000011100000011000100100110000000001000010000001000100010010000000000001000100001000001100010000001100010010100100000000000010100000001001010101100100100000010000110101101010101101010000111000001000010000000010000100000000110111010011100001010000000100110010000000100010000100011000001100010000000000000000101000000011000000000011000
010100000010010011000000000100001001101000011000100000101000011101100011000100100110000000001000010000001000100010010000000000001000100001000001100010000001100010010100000000000000000100000001001010101100100100000000100110101101010101101010000110001001010010000000010000100000000110111010011100000010000000100110010000001100010000100011000001100010000000000000000101000000001000001000011000
010000011110010011000000000100001001101000011000100000101000011101000011000100100110000000001000010000001000100010010000000000001000100001000001100010000001100010010100100000000000010100000001001010101100100100000010000110101101010101101010000110001001010010000000010000100000010110111010011100000010000000100110010000001100010000100011000001100010000000000000000101000000001000000000011000
010100000010010011000000000100001001101000011000100000101000011100000011000100100110000000101000010000001000100010010000000000000100100001000001100010000101100010010100000000100000000100000001001010101100100100000010000111101101010101101010000110001001010010000000011000100000000110111011011100000010000000100110010000000100010000100011000001100010000000000000010101010000001000000000011000
010000011110010011000000000100001001101000011000100000101000011101000011000100100110000000001000010000001000100010010000000000001000100001000001100010000001100010010100100000000000010100000001001010101100100100000000100110101101010101101010000110001001010010000000010000100000000110111010011100000010000000100110010000001100010000100011000001100010000000000000000101010000001000000000011000
